C0	C1	C2	CLS
continuous	continuous	continuous	continuous
			class colors=['#FF0550',\ '#0505FF',\ False]
0.443998675879	1.18576054156	-0.103972558558	0.460056436002
0.897240970662	0.0201273913122	-1.4415412105	2.02811199758
0.824049301079	0.951652391714	-0.43348190727	0.968522001974
0.410510677801	1.41754078188	-0.0881442090926	0.423014033918
-0.659036187787	0.0879508640482	0.247888769405	-0.719536564601
0.98089687414	1.75904296605	-0.805471538579	1.37501962144
-0.55488662165	1.04016283327	0.16807401945	-0.588226675762
-0.523352797207	0.0613220966514	-1.85211610104	3.6923735434
-0.941927938401	0.448827223842	-1.33581506646	4.3699185664
-0.890543161388	1.90735139285	0.545101244555	-1.09853780451
0.38217511358	1.1646394661	-1.92408992125	2.74944370953
0.268974565912	0.214945135538	-0.0368527200409	0.272328202865
0.59824157115	0.575089004561	-0.198684193	0.641304879748
-0.764045889799	0.913407251721	-1.64516190083	4.01115381676
0.784132634484	0.0419001385355	1.62059327384	-4.04288990466
0.681362149943	0.823231027228	1.73194646022	-3.89121467682
0.981899474289	0.978917270869	1.1894028046	-4.52183507379
0.00672441327692	0.487355750562	-1.99997739088	3.13486818963
0.496903601409	1.17727800058	-1.86780574491	2.62156561599
-0.338845643725	1.50648023918	-1.94084197915	3.48728234001
-0.979763993437	0.471668448211	-1.20015623189	4.5108716035
0.316549404966	1.24099980056	-1.94857602448	2.81950304281
-0.355125633852	1.27924448593	0.0651814164336	-0.363048457673
0.477377235926	1.89708060226	-1.87869845489	2.64392519802
0.440437677753	1.55655233459	1.89778318764	-3.59767877813
0.968397778894	1.69669053958	-0.750589210672	1.31872455806
0.217959703967	0.980839816873	1.97595776929	-3.36131607661
-0.867081267156	0.370697173959	-1.49816671521	4.19090580925
0.204463484394	1.99163058592	-0.0211258081094	0.20591558131
-0.720339924953	0.258711522077	0.306378783111	-0.804292267192
-0.797162937658	0.942914638709	1.60376423447	-2.21901107802
0.528642912998	0.136186198484	-1.84884431466	2.58459163228
-0.401609274332	1.8877017147	0.0841888891424	-0.413273382513
0.601178279485	1.9298498817	-0.200885066918	0.644974773066
0.984360555842	1.43877812401	1.17616553608	-4.53529928334
0.895114715312	0.69998568726	-0.554164103697	1.10868844024
0.870627922048	0.508764802235	-0.50805790854	1.05647729701
0.892147536625	0.530606649074	-0.54825585461	1.10207695661
-0.862725228597	0.25458805084	-1.50567299705	4.18222711052
0.989818601799	1.05161790615	-1.14233459008	1.71361594781
-0.969726145467	0.283634551403	0.755804990227	-1.32410684233
-0.559232620682	0.633461333107	0.170989218426	-0.593459854065
0.957717881691	1.25341295192	-1.28770898333	1.86263013974
0.843187377311	1.45508721918	1.53761979757	-4.1447772827
0.999999555434	0.0485454092441	-1.00094293739	1.57173926432
0.99929966517	0.860231968753	-1.03741896834	1.60822403285
-0.400454315111	1.30424918968	1.91631672554	-2.72958005545
0.348241568797	1.70649195232	1.93740482704	-3.49728725168
-0.985795393582	0.950649564424	1.16795071298	-1.73954681039
-0.95929516645	1.93841174344	0.717594646606	-1.28449572231
0.614371355144	0.531265095083	-0.210982992592	0.661588974752
-0.546908531538	0.0270174132534	0.162807633736	-0.578667102745
-0.994002773887	0.967505729403	-1.10935486045	4.60281498556
0.572085783073	0.51222759004	1.82019379223	-3.75063929704
-0.387410169891	1.64743534405	1.92190745754	-2.74377193303
0.050468488728	0.465545344362	1.99872565384	-3.19208259136
0.991846682848	0.621258436583	-0.872563122591	1.44301197146
-0.7286993363	1.58245486204	1.68483375886	-2.32517186712
-0.312205302973	1.43028650405	0.0499853428523	-0.317513485499
-0.668998553759	1.11610247331	1.74326370493	-2.40873204784
0.0724796882773	1.40989612385	1.99736988865	-3.21413595201
0.505994981827	0.83727372714	1.86253642147	-3.67212778252
0.99525797062	0.0106200952293	-0.902729388215	1.47337166941
0.265239867924	0.0227102570244	1.96418245808	-3.41004534596
-0.278228011155	1.02244357515	1.96051505652	-2.85964387055
-0.944882689665	0.166581959438	0.672590924422	-1.23723611836
0.116040721173	0.102150960339	-1.99324445683	3.02528991823
0.609665371423	1.93103327827	1.79265890198	-3.79723101633
-0.0434493799569	1.71800527932	-1.99905562977	3.18505571615
0.617130086515	0.304054454419	1.7868611417	-3.8066828236
-0.975488904786	0.00132843718041	-1.22004862335	4.49052466506
-0.291175608699	1.88333559078	0.0433303783965	-0.295455463807
-0.97611050157	0.55665059664	-1.21727468496	4.49336739653
0.835007130356	0.371795205711	-0.449760877205	0.988145743779
0.774918754135	1.38301621566	-1.63206085505	2.25500610993
0.932567165789	0.217807477683	1.36099651147	-4.34305273961
-0.888743355298	0.529299196006	1.45840511386	-2.04699615234
0.424102328356	1.95018936042	1.905614275	-3.5795630793
-0.939188425259	1.27892554895	1.34340224498	-1.92133337348
0.436598172709	1.04135558297	1.89965662093	-3.59340659145
-0.98955327607	0.79583722967	1.14416765872	-1.71546811934
-0.72294282367	1.54900190977	0.30909213805	-0.808052239721
0.822743230068	0.281914953047	1.56841321007	-4.10781307056
0.970569786954	1.93467560407	-1.24082003374	1.8140069887
0.587287908979	1.72224601613	-0.190621898019	0.627703917761
-0.80188332753	1.23531396514	1.59748065159	-2.21115195516
0.217358783966	0.0858123808051	-0.0239082220238	0.219107741944
0.633004305336	1.4017112989	1.77414827354	-3.82702052497
0.656205327829	1.82656868177	-0.245417620316	0.715778857516
-0.786072135425	1.04915413496	-1.61813477326	4.04602134156
-0.990334109828	0.708449643655	1.1387023825	-1.70994733834
0.999975434728	0.240554689959	-1.0070092753	1.57780565949
0.322747345131	1.50980220828	1.94648515636	-3.47022339152
0.892454440244	1.77004370242	-1.45113753124	2.03883586569
-0.915517247757	0.200503488152	1.40227872062	-1.98480081386
-0.155112750764	1.5179691095	1.98789677323	-2.98585106914
0.727976030107	0.0341209725182	-0.314397418624	0.81536520132
0.982096816667	1.93410983615	1.18837686347	-4.52287982223
0.0413940854269	1.23011604127	-1.99914289753	3.10018673778
0.999020959479	1.10487811798	1.0442393775	-4.66813515985
0.994483645274	0.591899667178	-1.1048917503	1.67588137706
-0.827122810013	1.85858334314	1.56202122483	-2.16762378541
0.798585384407	0.531811254674	-1.60188153636	2.21665143621
-0.937171305781	1.65629322643	-1.34886952235	4.35602441374
-0.698748693278	1.97021735867	1.71536722293	-2.36794583567
0.657703469077	1.56679329103	-0.246723061043	0.717765966972
0.762698163406	1.03797984077	-0.353245400838	0.867474765317
0.629537781585	0.132148527703	-0.223030128282	0.680958169321
-0.50699811321	0.944827578342	1.86194716381	-2.60989412562
-0.902468532896	0.876511893943	-1.43075578595	4.26705890551
-0.477960683671	0.405592082374	0.1216187702	-0.498331566289
-0.122920500828	0.847175273429	-1.99241652066	3.26482482173
0.952561624005	0.715515768161	-1.30434577781	1.88004787764
-0.943315108473	0.327368522303	1.33189848768	-1.90911176125
0.183079392696	0.882748286665	-1.9830981314	2.95747477527
-0.827932128966	0.525599912649	0.439171693095	-0.975410412731
-0.435163945462	1.04412484136	-1.90035123178	3.59181301291
0.6932427405	0.0703201194324	-0.279295828551	0.765978778827
-0.440520493795	1.81246283957	-1.89774255471	3.59777102526
0.970434655306	1.63272861104	-1.24136399852	1.81456748692
0.85138553312	1.10516266502	-1.52454044076	2.12297157201
0.0124816814799	1.70361716551	-7.78992204272e-05	0.0124820055944
-0.915558474703	1.92479014762	-1.40218488211	4.29848698881
0.977248536284	0.221044588105	-0.787902620643	1.35707565627
-0.657615552058	1.26166361682	0.246646307707	-0.717649260173
0.84294417437	1.99598800187	-0.461998960136	1.00273241969
0.983683673155	1.97577833867	1.17990672908	-4.53149734796
-0.955538116057	1.20664598458	1.29486761226	-1.87011329467
0.998128090687	0.256041740902	-0.938841888674	1.50960002606
-0.918044866333	1.16638566198	1.39647651053	-1.97847194103
0.896705410944	0.00412927114884	-0.557372158598	1.11226921426
-0.62203510618	0.397822669334	0.217010647148	-0.671339177443
0.289766969109	1.91224631912	1.95709722788	-3.43557600565
-0.945929531653	0.660881145206	1.3243721954	-1.90114428863
0.612645708886	1.27678021155	-0.20964233705	0.659403748404
0.755525306405	0.561718989264	-0.344880536558	0.856455597446
0.644599238258	1.89564377422	-0.235479351464	0.700498967286
0.991957397677	1.4571174599	-0.873427802443	1.44388371056
0.990595067394	0.659302315163	-0.8631737874	1.43353954687
-0.60228946211	1.58352284236	0.201722226395	-0.646366018237
-0.561147060043	0.216331048953	-1.82771612102	3.737363617
-0.948415492017	0.784637880131	0.682969947006	-1.24819996834
-0.568316886833	0.442436255463	0.177190230891	-0.604458838869
-0.524559766954	1.36745289455	-1.85137362591	3.69379059866
0.253002328474	0.204892563544	-1.96746566957	2.88581035968
0.939095241089	0.794051664565	-1.34365699202	1.9216046286
0.586053938124	0.553299460418	1.81027204173	-3.76777282177
-0.725621950805	1.01268583865	-1.68809358703	3.95353049295
0.901150412274	0.699795361008	-1.43350655642	2.01917667828
-0.99994095792	1.41282115533	-1.01086649322	4.7015222733
0.161567917552	0.0491540486139	1.98686159517	-3.30387189237
-0.322068595213	1.26797384261	-1.94671633554	3.46950635227
0.0393263534406	0.461142579388	1.99922641975	-3.18092915087
0.88622108256	0.537418057514	-0.5367374472	1.08912323462
0.392934388095	1.60051120717	1.91956651018	-3.54541313492
-0.137867109998	1.91113678796	-1.99045073577	3.27990028988
0.242730658887	0.633100420054	-1.97009372085	2.89641294912
0.606188289479	1.65361054074	-0.204678833616	0.651259118368
-0.767400422042	0.207981675942	0.358831853373	-0.874776814696
0.794942473422	1.26796330601	1.60668481434	-4.06050540601
0.958265026733	1.50206459907	-1.28588133647	1.86072234995
-0.423993175843	0.311955856069	0.0943346165176	-0.437849900412
0.866809526829	0.852004775339	-1.49863939295	2.09282471995
-0.306467200601	1.7854143285	-1.95188121893	3.45307207063
-0.973505570631	0.207156926897	-1.22866329822	4.48168460022
-0.210195425016	0.036192716403	-1.97765939023	3.35336749975
0.993911815983	1.1811707581	1.11017850085	-4.60198633793
-0.968634553935	0.871063081062	0.751510360533	-1.31967565193
0.827130566665	1.59737849777	-1.56200980925	2.16760998392
-0.0467582179314	1.84691107641	1.99890623637	-3.09481738072
0.196968952928	0.598307289088	-0.019590273619	0.198265342522
0.871705908613	0.776808234338	1.49002939594	-4.20026550545
-0.30898584513	0.972544172659	1.95106663673	-2.82746614031
0.984802391151	1.17630292087	1.17367858355	-4.53782518016
0.364929436759	1.96770765936	-1.93103517989	2.76803564173
-0.513830733272	1.39466050166	1.85789158846	-2.60194851548
-0.993591780558	0.779097014691	0.886971801718	-1.45752607144
-0.77894299312	0.527535372901	-1.62709474042	4.03457114007
0.937380648034	1.88925143684	-1.3483066475	1.92656035011
0.955314369321	0.271096866217	1.2955917045	-4.41231413904
0.018589399556	1.44053170501	1.99982720218	-3.16018312396
0.910671668768	1.85079005058	-0.586869134893	1.14490696116
0.665275153044	1.32933117307	-0.253401734035	0.727862299818
-0.621997142741	0.846108880332	1.78301951088	-2.47030196047
-0.813867729171	0.397981879851	-1.58105018666	4.0923705179
0.879163460349	0.734950644504	-0.523479685651	1.07410383007
0.329554103527	1.41374361884	-0.055863308176	0.33583125663
0.749549707756	1.29906844835	-0.338051938893	0.8473815636
0.826433574703	1.8559523332	-1.56303423218	2.16884903208
-0.979751389993	1.73372182732	1.2002179158	-1.77237666202
-0.818757689804	1.63230150453	0.425860778743	-0.959243889696
-0.395795946377	1.8229017507	1.91833848271	-2.73465823984
-0.182994386618	0.552674305474	1.98311395803	-2.95756124211
-0.865685655471	0.739047080279	-1.50058800017	4.18811110749
0.773204963927	0.759787807572	-1.63415619823	2.25771305367
-0.0898024683662	1.12090117742	0.00404040409495	-0.0899236102606
-0.541765411461	1.33643645909	1.8405297371	-2.56905660671
-0.735535684642	0.573433366081	1.6774859826	-2.31513561682
0.854134538258	0.0389249346186	1.52005210369	-4.16547702908
-0.5794948682	0.798444767316	0.185024112179	-0.618108742033
-0.979469044012	0.617055919109	1.2015946225	-1.77378202351
0.961139003148	1.88436943804	-1.27606487757	1.85049378613
-0.913644862999	1.77653008109	0.593486698477	-1.15216177078
-0.12162657042	1.72062135669	1.99257593028	-3.01966419845
0.973072314237	1.30599952189	1.23050004613	-4.47979744494
0.805775322957	0.688578329398	1.59222135128	-4.0785761359
0.992815729309	1.0976985348	-1.1196533645	1.69073705799
-0.42267684998	1.63045008143	0.0937195354135	-0.436396958942
0.337962285031	0.197220737446	-0.0588403462235	0.34475094268
-0.562119440135	1.60214976051	-1.82705606522	3.73853886032
-0.995857513692	0.0823595826562	-1.09092751191	4.62133570473
-0.455923530695	1.63284206243	1.89001895157	-2.66818306207
0.999428142337	1.61512760832	-0.966185974743	1.53697585446
-0.790091717244	0.102014617658	1.61298864455	-2.23063404753
0.981119086241	1.25432142292	1.19340459822	-4.51775789575
0.64912319258	1.00490614863	-1.76068329866	2.43516144221
-0.992134947555	0.339639006343	1.12517286383	-1.69629839024
-0.890447211323	0.296757875355	0.544913454553	-1.09832692184
0.739528204379	1.54651825213	-0.326874428559	0.832369185379
0.0215328043964	1.13538549767	-1.99976814229	3.12005818486
0.937587005869	1.96599826983	-0.652249217935	1.21562523682
-0.362134711011	1.96449555458	-1.93212576999	3.51214968453
-0.845380244113	1.98533398693	1.53416499592	-2.13431603931
0.326470847713	0.237231036732	-1.94520727123	2.80902523154
-0.177830361409	1.87651227393	1.98406115794	-2.96281142376
-0.902641591062	0.489139218041	-1.43039302746	4.26746082945
0.980806830422	0.916424519517	-1.19498195147	1.7670353752
-0.444230949655	1.51481311164	1.89591230786	-2.68127697475
-0.87948348246	0.407241864154	-1.47592941082	4.21636848154
0.822520074103	1.13262321111	-1.56873607912	2.17576471976
-0.732881257179	0.371633496452	1.68035657039	-2.31904538393
-0.425597163663	0.209472213363	1.90491273296	-2.70197095732
0.170697669855	0.233117224859	-0.0146765477743	0.171537687524
0.970892869961	0.715278069696	1.23951416463	-4.47052356085
-0.375154152779	0.00930967367437	1.9269624381	-2.75702958585
-0.651699329184	0.849707842403	0.241522588114	-0.709822734236
-0.926844870742	1.32839421016	0.624555482688	-1.18591999615
-0.336590275808	0.803376370008	0.058348797998	-0.343293537677
-0.865322066466	0.17158920104	1.50121624204	-2.09580006802
0.729727414146	0.125377724047	-0.316261818351	0.817923195839
-0.283714563788	0.55623302553	-1.95890877892	3.42925829561
0.44671002659	0.338625381087	1.89467879831	-3.60467733463
0.163062814353	1.93018994644	-0.0133843105975	0.163794226084
0.320335613471	0.302460449948	1.94730411946	-3.46767640238
0.890179187621	1.61092487481	-1.45561059462	2.04385434388
-0.830282421775	1.17221588348	0.442657107257	-0.979614222218
0.578249395394	1.13857383997	-0.184139940476	0.616581338169
-0.155936454227	1.02416143185	1.98776708907	-2.98501721938
0.20419210869	1.94352615223	1.97893083655	-3.34723101046
-0.112329325171	0.727689550183	0.00632896655552	-0.112566902909
-0.978035408753	1.57583150191	0.791561185896	-1.36081788613
-0.846502267492	1.11058821493	-1.53238511543	4.15097329084
0.59796601884	0.791267335251	-1.80152145343	2.50063160452
0.715956530941	1.91093186661	-1.69814486018	2.34359940401
-0.615780565195	1.19663193873	-1.78791769591	3.80496890549
0.706512726569	0.237833884292	1.70770033715	-3.9261510494
0.472303621033	0.835078401994	-0.118564075183	0.491902440243
0.71468118535	1.56316345536	-0.300549641999	0.796168192907
-0.936339531685	1.38749404648	-1.35109582937	4.35364779981
-0.925604360083	1.83268065967	1.37849249477	-1.95896340858
-0.643423013465	0.518754768283	1.76551082667	-2.44263120312
0.585541746984	1.51638743271	1.81064225312	-3.76714084372
0.988035353607	0.919750414789	1.15422755922	-4.55754336951
-0.787428339018	1.14721949393	-1.61640620609	4.04821843841
0.999530956701	1.91009336201	-1.0306246077	1.60142572348
0.438644510342	1.95857263998	-1.89866066652	2.68750288068
-0.88404524702	1.72318192785	1.46740132779	-2.05714528879
0.727311633649	0.718194175461	-0.31369264352	0.814396629859
0.823771688919	1.77540167145	1.56692169171	-4.10962479777
-0.135042858516	1.27721835528	0.00916024183327	-0.135456717079
-0.977590295695	0.859993560941	-1.21051654035	4.50028566944
-0.395751196038	0.071485365001	-1.91835776843	3.54847833817
-0.998965945645	1.54025624838	0.954535294558	-1.52531594388
-0.93512212128	1.00421116145	-1.35432558233	4.35019621987
-0.575274791664	1.57237699893	1.81796021546	-2.52865259774
-0.888073587366	1.49604559869	-1.4597013198	4.23473013486
-0.851214030333	1.5871347361	-1.52481870638	4.15988686369
0.316155805685	0.601302317394	-1.9487072818	2.81991795108
0.942302431899	1.60159719814	-0.665237208106	1.22944284041
-0.37647493146	1.09769265693	-1.92642680552	3.52758097883
-0.928686320187	0.946652400898	1.37086617357	-1.9507378609
-0.146592700962	1.35025182764	-1.98919693693	3.28871552967
0.896125879348	0.0427173658767	-0.556200035644	1.11096164807
0.992228251785	0.204633631775	1.1244310908	-4.58763453511
-0.991430959995	0.584354730335	0.869368259737	-1.43979017334
0.173715814092	1.96598021992	1.98479582449	-3.31619425903
-0.985371843106	0.27949155773	-1.17041810589	4.54113501401
-0.202446054281	0.661192601518	0.0207065837524	-0.203855053508
-0.0245833241686	0.102106129384	0.000302215580719	-0.0245858009559
0.967334856152	0.662537760585	-0.746497976196	1.31449749869
-0.945315608477	0.640652573022	0.673842982031	-1.23856090786
0.276876176543	1.89361434189	1.96090560559	-3.42213431698
0.105507803551	1.69030817399	-1.99441847498	3.03588811258
-0.216744142058	0.765528438486	1.97622844503	-2.92311456439
0.106476671156	0.0495381160785	-0.0056847992213	0.106678897242
-0.516999461231	1.66206222799	1.85598572248	-2.59825078948
0.604098220244	1.32107235429	1.79690986962	-3.79022643934
-0.268641083666	0.304728967303	-1.96324034808	3.41357463097
-0.967605808315	1.99214254202	-1.25246583871	4.45716117736
-0.932643527896	0.200466874848	-1.3607991822	4.34326432887
-0.636616351359	1.73422908319	-1.77118066702	3.83169530889
0.530132982256	0.588532328259	-1.84791451286	2.58283526143
-0.99999842723	0.87070693265	1.00177356608	-1.57256989381
0.72182363883	1.59091305355	1.69207704371	-3.94802638744
-0.767050581858	1.35501671199	0.358413369161	-0.874231363326
-0.579372742483	1.87572874889	1.81506271248	-2.52363375551
0.316587514577	1.24228065092	1.94856330607	-3.46372244024
0.875880225786	0.195620322958	1.48252857954	-4.20884965497
0.849699895231	1.76872072648	-1.52726661951	2.12617679189
0.994205823352	1.53831104998	1.10749316636	-4.60468772019
0.557548016858	1.42374090179	-1.83014469154	2.5501634751
0.184788667127	0.107467094707	1.98277828044	-3.32744947541
0.732044604116	0.792445489323	1.68125670462	-3.96291100903
0.664113631614	0.334871638919	1.74763165015	-3.86790027807
0.998714216459	1.64380781682	-1.05069431767	1.62151238295
-0.675568245906	1.40105724564	1.73729746041	-2.39985750867
-0.6808319396	1.76615519464	0.267560330116	-0.748897883184
0.514726076471	1.93315021385	-0.142645308988	0.540688120106
-0.253717999304	1.54949522838	-1.96727823134	3.39811475683
0.842415704561	1.98846616644	-1.53882815508	2.13984176332
-0.828813703499	1.22953977229	1.55952465977	-2.16460849691
0.325556411031	0.0742592077829	1.9455226191	-3.47319279141
0.866878190458	0.0285030303006	1.49852001255	-4.19049830569
-0.955604283137	0.684207750408	1.29465310799	-1.86988881713
-0.783083818466	1.64694343814	1.62191617864	-2.24198362431
-0.401693561027	1.73226941265	0.084225855885	-0.413365419391
0.987764885448	1.92162505765	-1.15595041224	1.72738589189
0.962985220773	0.130242937098	-1.26955419598	1.84372638862
-0.891798928496	0.0891422219753	1.45243195194	-2.04028680365
-0.905119954894	1.82656719273	0.574843714321	-1.13166177972
-0.136087671196	0.610093396726	1.99069679809	-3.00508138863
0.409690967681	1.11597480122	-1.91222437536	2.71947738507
0.859870437437	1.964889766	1.51051232191	-4.1766084825
0.959419802609	0.800897069472	-1.28198163479	1.85665526214
0.492491706416	1.33174279662	-1.87031713709	2.62664222543
0.503018688613	0.801759127264	-1.86427553414	2.61450467506
-0.76703285892	1.53638932893	1.64160781895	-2.26738891342
-0.9281023068	1.05542945115	0.627674728076	-1.18928315655
0.734959606364	0.475046275973	-0.321889111565	0.82560711117
-0.841735376211	0.542612202517	1.53989031889	-2.1411031272
-0.938127820931	0.516118425077	0.653710826627	-1.21718369163
-0.282497353959	1.06464065652	1.95926807776	-2.85519614342
-0.369387094281	1.40637803203	0.0707243818011	-0.378349382031
0.912900851994	1.89855980009	1.40818137443	-4.29192794675
0.31084600938	1.38817475017	-1.95046028768	2.82550964563
0.748302155472	1.56238568792	1.66335803614	-3.98709155489
0.176586234255	0.337852231729	-0.0157148269574	0.177517095595
-0.968918460737	0.748125250015	1.24738030731	-1.82077191605
0.667484232837	0.827560439717	-0.255376068801	0.730825075159
-0.927797215994	1.37276046	-1.37308487773	4.33005722513
0.980298528836	0.591783952754	-0.802478369889	1.37196723169
0.944973379519	0.606583842839	1.32714723291	-4.37910587524
-0.609905670847	0.711778309282	0.207525979815	-0.655941554248
0.0942664365981	1.62060416309	-0.00445299511721	0.0944066089653
0.334396558094	1.15518018009	-0.0575675398552	0.340964854757
0.990384421509	0.150554559665	-1.13834268189	1.70958413619
-0.865167987584	0.156492199381	1.50148215647	-2.09610739649
0.348822234799	0.742573888565	1.93718890759	-3.49790676297
-0.847632884076	1.53318210121	0.469416836083	-1.01150791833
-0.916775130307	1.37736685296	-1.39940375618	4.30152259738
-0.191677228597	1.4159647093	1.98145801746	-2.94872187603
-0.617740702516	1.53442013211	-1.78638185664	3.80745907491
0.4012318989	0.574305425773	-0.0840234919469	0.412861352839
-0.395029794988	1.09651256388	0.0813316914839	-0.406100283634
-0.443108140366	1.08670528063	-1.89646816784	3.60065546324
-0.380325731058	1.47926500236	0.075147396449	-0.390148468787
0.856712803765	1.91374113821	-1.51579372996	2.11273020105
-0.81438225396	0.555979889591	0.419671175595	-0.951663922608
-0.618188536762	1.58656334551	-1.78602985504	3.80802868939
0.975865294503	1.31994109705	-1.21837336601	1.79094362229
0.952151215819	1.16047574173	-1.3056273257	1.88139353738
-0.998601087652	1.54975955869	1.05287596561	-1.62369696249
0.660519867782	1.88806493286	-1.75080856699	2.42008169286
0.958685640097	0.0733828357388	-0.715532350746	1.2823452367
-0.637571201697	0.294800205026	1.77039143477	-2.4502511977
0.0577214702107	1.512574463	1.99833272604	-3.19934622438
0.341177069978	0.16758270582	-1.93999904623	2.79342383679
-0.926856370499	1.03224740148	-1.37541612707	4.32754328061
-0.384376422703	0.439721553283	0.0768235457561	-0.394532258252
0.756212738193	0.548591407686	-0.345674167868	0.857505556122
-0.227844946494	1.40368096589	-1.97369742752	3.37145649306
-0.392326443757	0.0603855465374	0.0801739503968	-0.403159454068
-0.898887502121	1.7466388558	-1.4381794821	4.25881661029
0.654815049336	0.888957910705	-0.244210842124	0.713937882543
0.118157088331	1.00478658781	-1.99299491564	3.02315888973
-0.653098275559	1.08009592739	-1.75727316238	3.8532612667
0.167063662666	1.29108858916	-1.9859461104	2.97374193323
0.0682971978318	0.689713173245	1.99766502032	-3.20994305864
0.937313360058	0.202214981127	-0.651512317209	1.21483916765
-0.817602403301	0.636757873332	0.424216785486	-0.95723456093
0.830352894764	0.336284236046	1.55723789368	-4.1213333323
-0.656356457969	1.1122663589	0.245549073775	-0.715979158118
-0.762548613559	0.636057261921	1.64693091745	-2.27434908796
-0.147476022039	1.91613435599	-1.98906563125	3.28960855674
0.951140087606	1.93146855596	1.30875966989	-4.39850027012
-0.926204368083	1.24025176114	-1.37702184094	4.32581024139
-0.978511942702	1.23499453533	0.793809849922	-1.36311648936
-0.975833993758	1.97075712913	0.781486804459	-1.35050574126
0.988181898899	1.77456630247	1.15328579415	-4.55849646816
-0.174085695348	1.53013989832	1.98473050662	-2.96661544388
-0.801982846063	0.627181223485	0.402652936208	-0.930607280662
-0.786044285791	0.731078056236	-1.61817018755	4.04597628854
0.590717457152	0.402533531522	1.80687848268	-3.77354038147
-0.870036041971	0.974296253835	-1.4929881192	4.19686807863
-0.334198499573	1.98073704428	-1.9425027124	3.48234735945
-0.418696282271	1.82430190602	0.0918736744193	-0.4320092314
-0.998046924579	0.236698868039	1.06246868286	-1.63330571013
-0.583283646269	0.050380578581	1.81226854426	-2.51882724026
0.881393676726	1.79727533682	-0.527617541998	1.07880444289
0.951807251799	1.0743402559	1.30669684612	-4.40066829958
0.989202680229	0.400379776417	1.14655394033	-4.56530528813
-0.621835680443	1.34730653917	0.216852257535	-0.671084505311
0.801149373705	1.28844635586	1.59846443588	-4.07080594829
-0.719923122485	0.244171213673	1.69405381471	-2.33790110695
-0.49131264193	0.519200466995	1.87098328795	-2.62799645965
-0.728050930824	0.120155928627	1.68552304274	-2.32611819792
0.329363962222	0.41972094774	1.94420303981	-3.47722252558
0.993572724265	0.264611349706	1.11319559001	-4.59895025209
0.463891100269	0.386472584949	1.88589223221	-3.6239751219
0.898635918849	1.37093429183	-0.561304792191	1.11665013864
-0.970709583743	0.0989994885221	-1.24025591362	4.46975950233
-0.995862700318	0.203709230496	-1.09087068898	4.62139276388
-0.755976740072	0.268347276157	0.345401521182	-0.85714495755
0.0349799061174	0.633082241916	1.99938801582	-3.17657969717
0.965615019545	0.597500621704	-0.740023781802	1.30779875263
-0.0912428760364	0.510127570633	0.00417133121576	-0.0913699561848
-0.995023066079	1.50107330686	-1.09964485923	4.61257848274
0.816497768166	1.99604557552	1.57734859018	-4.09691132808
0.454820777168	1.06795584726	-1.8905829892	2.66942169195
-0.911655838835	1.88840543583	1.41095453705	-1.99429717882
-0.64766861033	0.793220224252	1.7619221556	-2.43707209057
0.999230726849	0.213364893605	-0.96078323674	1.53156950431
-0.680389914998	0.81754765894	1.73285030093	-2.39329809753
0.9999710367	0.592255546829	-0.992389102449	1.56318535576
0.162406388202	0.986813924578	-0.0132760441384	0.163128931462
-0.655952937098	1.31408735383	0.245198208592	-0.71544442877
0.492900723368	0.922100438305	-0.129914442768	0.515420453795
-0.906365465121	1.87032102416	1.42249454865	-2.00699214184
0.9300951925	1.7695296446	-1.36731857139	1.94692073893
-0.719064412871	1.40395519033	0.305056570545	-0.802455101416
-0.967291652816	0.979369824729	0.746333174433	-1.31432712806
0.0440599407278	0.263374563629	-1.99902888928	3.09751844496
-0.760203399882	0.794027333555	-1.64968514744	4.00521878583
0.907455477014	1.4088030788	1.42014825626	-4.2787802907
-0.582386558693	0.569771041107	1.81291198555	-2.51993122528
-0.989775086957	0.207976155087	0.857363128055	-1.42767130789
0.172240311858	1.81579691502	-1.98505496038	2.96848913315
-0.990665634206	1.41810161963	-1.13631434702	4.5756489074
-0.957544801104	1.23055285327	-1.28828450163	4.4199541864
-0.624862643978	1.58499781122	-1.7807347028	3.81654824239
-0.940527799296	1.67129207517	1.3397167331	-1.91741202928
-0.997166876794	0.966917996342	-1.07522113948	4.63709672338
-0.703231202807	1.76237650282	1.7109612334	-2.36166047446
0.541864830122	1.8328380214	1.84046564824	-3.71424698594
-0.895046552681	0.54310219085	-1.44597272174	4.25012823003
-0.588447819354	1.21509071958	1.80853519645	-2.51245490105
0.97639086975	1.05316805764	-1.21601127162	1.78852376236
0.852526756022	1.0758915583	1.52268358523	-4.16239325439
0.823305671554	1.87532618793	-1.56759824805	2.17438203281
-0.440392308841	0.610377405386	-1.89780544346	3.59762824438
-0.839770790283	1.96686795647	1.54294108316	-2.1447317323
-0.908575817799	1.80426242961	0.582280018062	-1.13986190036
-0.92639764832	0.917445777227	0.623453326682	-1.18473056102
0.715135938579	1.63490652724	-1.69898539996	2.34477408656
-0.621365387083	1.53809398864	1.7835209351	-2.47110852199
-0.0488615103023	1.35578993924	1.99880556307	-3.09271167999
-0.459928746006	0.639667778766	0.112044174186	-0.477914951875
-0.963223276517	0.392901983642	1.268702288	-1.84284184478
-0.0551614978828	1.34305539353	-1.99847744549	3.196782164
-0.620882199992	1.6859465928	1.78390388042	-2.4717250582
0.0225182027998	0.0325055773547	-0.000253566876747	0.022520106283
-0.857123645038	1.28560675062	-1.51511072316	4.17125215623
0.952972765959	0.885746049244	-0.696944052459	1.2628985485
-0.314593556969	1.79617551025	-1.94922647135	3.46162109383
-0.845385217408	0.642945861708	-1.534157125	4.14887857835
0.701991165385	0.948369624527	-1.71218565257	2.36340314364
0.95228648729	1.02953420807	-1.3052055801	1.88095062913
-0.95476809642	0.280879042742	-1.29735144536	4.41047155853
-0.998607917294	1.4257846054	-1.05274682471	4.65961766606
-0.438626690225	1.66095269024	0.101330635538	-0.454069943361
0.785104235304	0.115818553793	1.61936365708	-4.04445705687
-0.927893379952	0.582777641074	1.3728456456	-1.95287024582
0.134478392213	0.0760893630701	1.99091652627	-3.276479708
-0.701622933121	1.91308820938	0.287451573773	-0.777672596286
0.327279953243	1.33433764141	1.94492742166	-3.47501621091
0.831213673169	1.92840083891	-0.444046917864	0.98128718466
-0.893243118424	1.06298855666	0.550426055705	-1.10450802123
-0.55205890622	1.60413704779	-1.83380511156	3.72642416824
-0.954287930411	0.748827967759	-1.29888885204	4.40886091293
0.427639452786	0.707638065145	-0.096050610697	0.441879787947
-0.851770167641	0.75653563421	1.52391562443	-2.122237856
0.763845888327	1.31572426745	-0.354601317877	0.869251218059
-0.56281972135	0.718906302043	-1.82657967629	3.73938581972
-0.770112510238	1.80073490321	0.362091917613	-0.879017506642
0.471354705932	1.9665497301	-0.118056270959	0.490826194401
-0.835735434646	0.060853030674	1.54913230034	-2.15212196327
-0.407695621153	0.387246580805	0.0868821102985	-0.419928998287
-0.799419358525	0.224499985175	0.399226590788	-0.926328105596
-0.696454944257	0.0847280941829	1.71760052301	-2.37114722951
0.0552612001535	0.455481986695	-0.00152806761652	0.0552893649862
-0.976693433997	0.893586640738	1.21463908308	-1.78711861224
-0.930808343286	1.67398073058	0.634492369342	-1.19661821668
0.233174476665	0.44364806102	-0.0275650852464	0.235340873829
0.703130257199	0.987890511324	-1.71106106729	2.36180244918
-0.999998653298	1.85923747889	0.998358840985	-1.56915516704
-0.7552330116	1.33442941357	-1.65545640449	3.99760219551
-0.269794105348	1.59615803951	-1.96291803427	3.414771855
0.896542411855	1.10198794037	1.4429579029	-4.25349375197
-0.730960337967	1.96093291768	1.68241994719	-2.32186450786
-0.486134418151	1.17732430936	0.126115953064	-0.507660833158
0.551950667198	0.0910214279252	1.83387676606	-3.72629436048
-0.989833321486	0.39596559988	0.857767810692	-1.42808015908
0.769927024466	0.809547257914	-1.63813194325	2.26286586788
0.99149531602	1.20255434515	-1.13014237707	1.70130890347
0.914166192087	1.54386173482	-0.594660422307	1.15344606509
0.915765425579	0.826172251808	-1.40171343681	1.98418345009
-0.352801949764	1.42011661003	1.93569801979	-2.78102873189
-0.996894035274	1.57973900622	0.921245429117	-1.49196011817
0.995930238026	0.6345203945	-1.09012747076	1.66104626272
-0.419242491313	1.95854048007	-1.90787429387	3.57420343658
0.400127495319	1.29931299047	-0.0835405150854	0.411655959088
-0.88827927526	1.76199612157	1.45930374388	-2.04800754064
0.959672731402	1.11187537762	1.28111963397	-4.42742838709
0.916489242194	1.4832062143	-1.40005933178	1.98237791005
0.997240584753	1.54108812323	1.07423756544	-4.6380830554
-0.932028757195	1.81649675847	0.637615679477	-1.1999714967
0.283849599089	0.300699513743	-0.0411311846258	0.287806466795
-0.742445920145	1.11656684834	-1.66990600509	3.97830680185
0.664877727722	0.856757026212	1.74695221211	-3.86892276475
-0.774846812559	1.84631804235	0.367850953439	-0.886472730954
0.973860617163	0.210189388498	1.22714642489	-4.4832424716
-0.996179575711	1.96514777736	0.912671580016	-1.48335652604
0.913579328787	1.75090264819	-0.593339441286	1.15200058947
-0.872041016613	0.147652563128	1.48943279962	-2.08223553236
-0.394983945927	0.981932771081	1.91868802238	-2.7355422776
0.462062141861	1.43511900043	1.88684755007	-3.62191169693
0.664653283823	1.47630309138	-0.252848066118	0.727029671731
0.963882806268	1.81298825048	-1.26632674627	1.84037644805
0.998757170833	1.59973087116	-1.04984088392	1.62065786888
-0.886081863359	0.621860760688	-1.46352878166	4.23041545554
0.999675473931	0.996869571725	1.02547443466	-4.68691178966
0.983210964661	1.40357152587	-0.817527539148	1.38729577952
0.811184355136	0.276873682729	-0.415209488805	0.94617454363
0.742202676612	0.3879815952	-0.329824510423	0.836351120295
-0.939070094139	0.96208489622	-1.34372570211	4.36150751133
0.987384243474	0.596491597411	1.15834252663	-4.55337720505
0.96077667321	1.72511849957	-1.2773232486	1.85180328255
0.184183444438	1.17255464304	-1.98289188561	2.95635162447
0.0922990943946	0.697330395437	-0.00426867219418	0.092430650576
-0.99998228637	1.69766605121	0.994047946087	-1.56484423774
0.38986841194	1.60975689711	-1.92087057797	2.74110396049
0.608606614315	1.9967097542	1.79347210979	-3.79589599804
-0.519530380573	1.69461537667	0.145548021442	-0.546301244033
0.186940387158	0.828913069611	-0.0176287404197	0.18804670012
0.967106070371	0.25499776354	-1.25437344329	1.82799610713
0.655027098026	1.6812818164	1.75560538699	-3.85581113618
-0.544494566347	0.119515835921	1.83876436931	-2.56580624993
-0.748228487455	0.70054241469	0.33655887182	-0.845387855074
0.917609858027	1.83947596154	-0.602517738193	1.16202491696
-0.48418091101	1.92153294689	-1.87496791108	3.6470194425
0.900061336751	1.28112918704	-0.564236772907	1.1199102516
0.307868208366	1.37729663397	1.95142901274	-3.45454425051
-0.983297093303	0.084908977451	-1.1820077644	4.52936104388
-0.354524367209	1.02896068218	-1.93504677586	3.50399799905
0.0256397595962	1.09373635761	-0.000328752675237	0.025642569679
-0.743937394405	0.680201492248	-1.66824931965	3.98053595061
0.380192848209	0.137193669508	-0.0750927623969	0.390004793001
-0.749941107055	0.457815199449	-1.6615046001	3.9895656993
0.0323775450649	0.715967873722	-1.99947570985	3.10920944893
-0.955662885172	0.870283973033	-1.29446298563	4.41349543907
-0.72756586052	1.18185345107	-1.68603784051	3.95635978333
0.942884411169	1.4447830374	1.33312007921	-4.37277825204
-0.076316730144	0.635263746548	1.99708362573	-3.06520164741
-0.864864831539	0.657907519838	0.497995196072	-1.04488105187
-0.899992310764	0.0393832854474	-1.43590577028	4.26134452859
-0.951140706528	0.081749720188	1.30875776328	-1.88468303251
0.0583911811725	0.515643388617	1.99829377939	-3.20001706686
-0.478761114746	1.48048999535	-1.87794521185	3.64083570307
-0.484000607135	1.25662766075	0.124932338449	-0.505220731528
-0.646161556526	1.53957804136	-1.76320065702	3.84413691241
0.0606225653478	1.53783887243	1.99816076089	-3.20225241277
0.998632689964	1.71313493534	-0.947724283503	1.51849677156
-0.533726301268	1.44063853197	0.154342719931	-0.563000865792
0.751231242065	1.958021838	1.66003910562	-3.99151816534
0.960827065478	1.7976504386	-1.27714860679	1.85162151582
-0.689560491067	1.17343433245	1.72422809194	-2.38071064166
0.931104320123	1.17631534098	1.36475299183	-4.33902147627
0.844609105685	0.0685340807045	1.53538346873	-4.14742727937
0.838837734311	1.99705315542	1.54438153486	-4.13673733036
-0.645134986429	0.263151994732	-1.76406861556	3.84279259158
0.771210154385	1.48069439326	-1.63658062944	2.2608526619
-0.572913914937	1.64203039025	-1.81961554772	3.75164933128
0.998446168539	0.74610905861	-1.05572475689	1.62654996393
0.269383111136	0.393704109331	-0.0369669063657	0.272752405316
-0.963167432652	0.197519773581	1.26890239247	-1.84304959545
-0.999815583342	1.49721201166	-1.01920414816	4.69318365162
-0.963246572408	0.905307058411	0.731381235311	-1.29883752006
-0.273112574034	1.427435518	0.0380179201749	-0.276627136574
-0.911744878352	1.8308152977	0.589243044127	-1.147512192
-0.981442034373	0.293167472302	-1.19175904976	4.5194348352
-0.0752489778974	1.83834200145	1.99716477642	-3.06627247905
-0.998731268151	0.823252919017	1.0503572638	-1.62117489803
0.991697487899	0.610534019795	-1.12859273889	1.69974613271
0.827745970147	1.88612452121	1.56110302878	-4.11667121211
0.84725787832	1.98130338521	-0.468818216027	1.01080153649
-0.209121731583	0.397784435535	0.022110383847	-0.210676747036
-0.89384132595	1.3136766939	1.44838341185	-2.03575225854
-0.625830523965	0.212990627542	1.77995907282	-2.46539674478
0.136353290181	1.30182800772	-0.00933972510408	0.136779383192
-0.947317140375	1.65462645555	0.679702894875	-1.24475322818
-0.398417063703	1.36899709305	0.0827956370848	-0.40979037056
-0.999237382625	0.834666284125	0.960953192633	-1.53173959047
-0.961581418219	0.766132719128	-1.27451990117	4.43429859408
0.308065827293	0.786244830447	1.95136504353	-3.45475196497
0.611884163352	1.17942363599	1.79094738803	-3.80003321595
-0.995510019979	1.76313454014	0.905343779276	-1.47599818297
0.756476221651	1.85813231454	-0.345978803038	0.857908329161
0.997509318915	0.107059240415	-0.929465195276	1.50020290377
-0.8239418421	0.363244789291	0.433325630687	-0.968332344908
-0.999976847799	0.224448631657	-1.00680469445	4.70558423341
-0.984740342327	0.386669281534	0.825969950311	-1.39587562532
0.869842992154	0.693215621218	-1.49332866225	2.08670868456
0.962666498724	1.01306336525	-0.729309748543	1.2966863472
0.189967950726	1.25892245402	-1.98179029212	2.95046315087
-0.975001653664	1.46428443828	-1.22219760429	4.48832113727
-0.507366532873	1.78022308277	-1.86173035302	3.67371866252
0.603716433244	1.97817687446	-1.79719913963	2.49343786518
0.956027866215	1.32571295711	-1.29327584118	1.8684478845
-0.999791863938	1.69072903734	0.97959831371	-1.55039322494
0.177939900448	1.55607769385	1.98404135677	-3.32048519778
0.830756800273	0.615064078437	1.55663555294	-4.1220585592
-0.651130887015	1.75138454047	1.75896545901	-2.43251912995
-0.595776406408	0.0855262758956	0.196849656934	-0.638232003698
0.205828240676	0.000734687502916	-0.02141186634	0.207309994927
0.537812952798	0.547465258777	-1.84306418961	2.5737518617
-0.925342768661	0.924195059255	-1.3791315873	4.32353134133
0.448491489341	1.27672579	1.89378710216	-3.60666950251
0.53313860879	0.203540533089	1.8460279096	-3.70389871818
0.748205262299	1.34602026767	-0.336532679427	0.845352848655
0.737100915036	1.60363173412	-1.67578268774	2.31282235895
-0.139193934168	0.370625839159	-1.9902651406	3.28124003173
-0.822633803052	0.830250509664	-1.56857156636	4.10762058422
-0.987824943135	1.03996997991	-1.15556953982	4.55618499372
-0.810114155317	0.903614036169	0.413727831673	-0.944346802829
-0.903477490165	1.59965986178	0.571364461617	-1.12781432497
0.176798119842	1.92104479624	1.98424713605	-3.31932502184
0.985215373227	1.59790632802	-1.17132036761	1.74296602189
0.995646082121	0.155985635752	-0.906785842511	1.477446651
-0.267470493551	1.60987114432	-1.96356605123	3.4123595738
0.608493916537	0.133192664471	1.79355853819	-3.7957539746
-0.020950617193	0.471940770483	0.000219488267934	-0.0209521501325
0.691944643003	0.306193793671	-0.278049440045	0.76417918379
-0.648662045348	0.395038213692	1.76107657363	-2.43576751315
-0.0222287646888	1.05663025411	1.99975291048	-3.11936205789
-0.244861545805	1.34337971522	-1.96955805571	3.3889695422
0.851645915015	0.940642564672	1.52411757788	-4.16071033536
-0.273366836254	1.91939127806	0.0380901430817	-0.27689145726
0.460968787863	0.48058464006	1.88741634908	-3.62067923782
-0.393753711453	1.52628046051	0.0807840217245	-0.404711639812
-0.982220656103	1.74036435701	-1.18773007943	4.52353835531
-0.658670669613	1.12413222151	0.247568641675	-0.7190506785
-0.222356092785	0.912445003923	-1.97496552144	3.36582305174
0.448532901688	1.19236889356	1.89376632075	-3.60671583662
-0.833655724788	0.857619540321	1.55228446704	-2.15589838551
-0.787493841666	1.11038776465	0.383677479449	-0.906732057425
-0.810056422312	0.833867904258	0.413648064153	-0.944248334777
0.999012043394	0.800939420588	-1.04444026501	1.61525123261
-0.994248966431	1.39069293628	0.892906616678	-1.46349717082
0.903079782005	0.185702426136	-1.42947282491	2.01470527013
0.96664895559	0.333084145458	-0.74389494996	1.31180562025
-0.813638704026	1.70239694343	0.41862915509	-0.950383815792
-0.599715591008	1.54215469363	0.199786772228	-0.643145644929
0.881673973979	0.562907454589	-0.528140907042	1.07939814107
0.789911238001	0.754537865332	1.6132211967	-4.05225689039
0.102798809047	1.85205301326	-1.99470216892	3.03861192206
0.992218106916	1.63615445035	-0.875488039494	1.44596037798
0.845961218615	1.22869259996	-1.53324442482	2.13322747023
0.341009998605	0.442980357606	-0.059940331228	0.347991086847
0.50516581371	0.0885039426305	1.863022306	-3.67116673954
-0.780220502299	0.862515693684	0.374495429439	-0.895018258857
-0.778224135399	1.34525427851	0.372013379853	-0.891832970875
-0.993298768241	1.65696098104	1.11557489784	-1.68663008337
0.960424197576	1.70537801148	1.27854148831	-4.4301138183
0.786748774009	0.0655518025867	-1.61727333216	2.23606855672
0.510788905606	0.488314067674	1.85970616719	-3.6776948396
0.842512496349	0.678189176955	-0.461323201264	1.00193054937
0.941250020802	0.377464421919	-1.33771052447	1.91527978195
0.955198921301	1.60595075673	-0.704035440053	1.2703311658
-0.926770186847	1.53493152617	-1.37562883379	4.3273137773
0.562357563185	1.03366608076	1.82689417166	-3.73882680495
-0.313499702091	1.96585295599	-1.94958829857	3.46046894905
0.962394919032	0.288117082182	1.27165422843	-4.43727749831
0.323175943769	1.79930340666	-0.0536611022634	0.329083604776
-0.784867727332	0.232926508324	0.380336663507	-0.902482639249
0.225959125837	0.326363411028	-0.025863216252	0.227927514445
-0.955515805605	1.3924384005	0.705060098939	-1.27140370559
-0.22335447235	0.219139384083	1.97473728752	-2.91633812041
0.98380265803	1.13169019084	1.17925493034	-4.53215991796
0.170224968389	0.840467072945	-0.0145947736404	0.171057965011
-0.0888857064594	1.45694793108	-1.99604183205	3.23059582089
-0.930183157497	1.80135047762	0.632904244768	-1.19491146607
-0.505227594055	1.53974302934	1.86298614022	-2.6119469801
0.725527149381	1.69937975284	1.6881935451	-3.95339272893
0.693805427743	0.0658908970625	1.72016250141	-3.90835247236
-0.493244861949	0.620390996488	1.86989051389	-2.62577663277
0.587678035339	1.03086617337	1.8090948812	-3.76977866324
-0.799909248698	0.83190662926	1.60012098268	-2.21444867251
0.811872553044	0.462509905959	1.58383470059	-4.08894498771
0.814858485975	0.61574819592	1.57965994155	-4.09407767379
-0.214550150951	1.89086194078	-1.97671297356	3.35782388566
0.0428357559413	0.588361759743	1.99908212776	-3.18444152026
0.533297109922	0.70780822036	-0.154071993282	0.562493423051
0.534853932193	0.00741954750004	-1.84494453736	2.57725778857
-0.399370554801	1.69015525456	0.0832104058413	-0.410830167893
0.125000868842	0.309681406803	1.99215663219	-3.26692136047
-0.305394785956	0.408288551027	1.95222582653	-2.83123965908
-0.590444091389	0.510529034184	0.192921456769	-0.631608975665
0.262970731909	1.76924411369	-0.0351961887725	0.266100021432
-0.988499805706	0.412902822493	0.848777864982	-1.41899181728
0.469487217667	1.59505272174	-1.88293926883	2.6528827327
0.700265507871	1.61609868065	-1.71388249627	2.36582330382
-0.773778034827	1.85404113757	-1.63345682791	4.02637642671
0.963001046217	0.231122627201	1.26949765302	-4.43951763441
-0.554456634283	0.434557944676	-1.83221261748	3.72930256067
-0.848166961482	1.48579658416	0.470271007542	-1.0125153148
-0.411850723678	0.392001508561	-1.91125132724	3.56607675542
0.974276620783	0.572659093747	-1.22535542194	1.79810415357
-0.992899906677	0.333483160223	-1.11895282813	4.59315382488
0.642620149456	0.34539337231	-1.76618492775	2.44367953655
-0.95704617024	0.963106709256	0.710064441594	-1.27663682357
0.0100200002252	0.219366124226	-5.020146235e-05	0.0100201679015
-0.91879021939	0.643395236927	0.605253837571	-1.16500476584
-0.956037010541	0.853187819198	0.706753969379	-1.27317595063
-0.775919032301	0.049096233048	1.63083250971	-2.25342200475
-0.0379699417798	0.776666332949	0.000721118245143	-0.0379790713525
0.989926110622	0.188244872171	-1.14158494097	1.71285862888
-0.863956346685	0.987157062292	1.5035667096	-2.09851850375
0.227757767192	1.65147637711	-0.0262821766633	0.229774306128
0.447987562026	1.63684432436	1.89403978897	-3.60610577086
0.0642457120087	0.160897031075	1.99793411029	-3.20588264371
0.904265717778	1.20245551535	1.42697015312	-4.27124948007
-0.962194129562	1.66917276394	-1.27236456641	4.43653932727
0.999338213269	0.475945085869	1.03637492956	-4.67600602455
-0.112044452443	1.5238530229	1.99370319546	-3.0293124332
0.874179743397	1.7815286929	-0.514397512121	1.06374408728
0.720071895952	1.61224830288	1.69389946293	-3.94549857844
-0.441883405194	0.214602063031	-1.89707249217	3.59928974568
0.878025704509	0.0181199990448	-1.47861347894	2.06987122337
-0.950247431579	0.383448219844	-1.31149609753	4.39562192393
0.0719012404157	0.540954681893	-0.00258824368936	0.0719633373532
-0.952225323632	1.23236598123	1.305396354	-1.88115096802
0.449791526728	0.768546350485	-0.106866425173	0.466531907526
-0.794860773599	1.40681406132	-1.60679185113	4.06037075188
0.194425692565	0.706149921043	-0.0190827506509	0.195671936151
-0.811999975443	0.308850849309	1.58365746794	-2.19402203553
-0.403470977482	0.625379686972	-1.91499244277	3.55689979063
-0.934601600579	1.76864845278	0.644303713548	-1.20713735621
0.999915009525	1.91706468849	1.01303739722	-4.6993512138
-0.691511948149	0.415025468135	1.72236502239	-2.37801263919
-0.989890656811	1.57693677405	1.141832604	-1.71310881671
-0.237513523618	0.54669747308	-1.97138423196	3.38139797541
-0.381204139405	1.77426308686	0.0755091108612	-0.391098436474
-0.498833645808	0.331091225593	0.133302247718	-0.522252508583
-0.999659503598	1.33191983739	0.973906382657	-1.54469974745
-0.431553450035	0.168422529426	-1.90208736814	3.58780678424
-0.868756524054	1.94778664795	-1.49523943897	4.19427855926
-0.997080508057	1.40126668928	-1.07635745184	4.63595713333
-0.917475167676	1.68363147881	0.602206942371	-1.16168619062
-0.949532947038	1.13333867873	-1.3136673118	4.39333617202
0.380828840572	0.953602727858	-1.92464555057	2.75090013506
0.996386712676	1.24376478279	-1.08493243669	1.65583120666
-0.672241725179	1.0574830234	1.74033172492	-2.40436001192
-0.452231124062	0.93876871029	1.89190078508	-2.67232735799
0.00583241674588	1.51890050292	1.99998299131	-3.1474251034
-0.746505454317	0.356401909879	-1.66537929535	3.98438718282
-0.932332622494	0.34234409631	1.36160182665	-1.94078173398
-0.427817101116	0.863685301299	0.0961346737523	-0.442076321727
-0.056915300084	0.64149583209	0.0016209894953	-0.0569460730725
0.496782185211	0.148249035826	-1.86787525628	2.62170552211
-0.102564746665	1.68894098484	-1.99472633058	3.24433807897
0.257145297573	1.54320561339	1.96637275207	-3.40165965165
-0.635696281118	1.08784299961	0.228060728961	-0.688910174911
-0.0896181413632	1.95864907453	-1.99597619888	3.23133119061
0.143700148159	0.145200133095	-1.98962127474	2.99739329088
0.56923031118	1.53333860206	1.82217811503	-3.74716204684
0.0967663315336	0.532740783218	1.99530712701	-3.23851064054
-0.962537120908	0.737197839887	1.27114994168	-1.8453838561
0.758203788281	0.438558770406	1.65201764964	-4.00214648694
-0.651859911716	1.57807578292	0.241660593469	-0.710034470459
0.528237385072	0.288480204043	1.84909673478	-3.6981160047
0.599547555759	1.68003339547	-0.199660866643	0.642935673356
-0.683792876195	1.32315529646	1.72967616274	-2.38864456798
0.788803697419	0.118046490538	-0.385354795888	0.908860228997
0.446762415258	1.6219634632	1.89465263891	-3.60473589132
-0.974280821542	1.25551143233	-1.22533726007	4.48509979496
-0.804718209925	1.80996463916	-1.59365697386	4.0767933008
-0.85199800663	1.49744461282	0.476454971661	-1.0197898287
-0.653109283659	1.12224185486	1.75726366848	-2.4299095039
-0.709755614619	1.67309436124	1.7044479878	-2.35244142247
-0.155874036144	0.556100476602	0.0122230591596	-0.156512243431
0.929801457498	1.09390012369	1.36806147535	-4.33546570244
0.967888234849	0.587233639607	-0.748619084174	1.31668960474
-0.76059216279	1.93640878218	0.350770023872	-0.864224728546
-0.914962842907	0.452392601684	0.596461902544	-1.1554158328
0.223980164032	0.0314764793409	-1.9745937031	2.91569616513
0.921326957407	0.651709684008	-1.38878867982	1.97011279815
-0.908801577961	1.00501879394	-1.41722858471	4.28199533015
-0.984669331469	0.0567258684602	0.825568616174	-1.39546805736
-0.568893367605	1.11849660007	-1.82241129388	3.74675228673
0.562339135815	1.7485655499	-1.82690670352	2.5443807871
-0.974333492279	1.40946438883	0.774890591436	-1.3437410014
0.911398505276	1.24593664596	-0.588475074168	1.14666972407
-0.912318740649	1.91192350142	1.40948078766	-1.99268120337
-0.377452202179	1.91655866768	-1.92602906816	3.52863608696
0.489218803268	1.64853293941	1.87216108749	-3.65278647893
-0.418097852642	1.21548369477	1.9084019956	-2.71024229395
-0.153640836284	0.975529118995	1.9881267598	-2.9873408431
-0.791926996324	0.0266322264929	0.389384218601	-0.913958395308
0.738151649447	1.21252381245	-1.67463482153	2.31126619697
0.250887270568	1.97817615071	-0.0319836894624	0.253596732808
-0.115886944633	1.63620210005	0.0067375895245	-0.116147914313
0.99998676144	0.681209287769	1.00514557522	-4.70724338246
-0.64656437228	0.304094050089	0.237140568323	-0.703072174785
0.825910998787	1.56811722893	1.56380051621	-4.11340876399
-0.381986027537	1.48787564126	1.92416809876	-2.74964831953
-0.803781349049	1.93409358396	-1.59492482123	4.07521686629
-0.443306349978	1.74968472388	1.89637016911	-2.6823087313
-0.233484819037	1.11132525054	-1.9723604472	3.37725267911
0.282970594284	0.202568493929	-1.95912858511	2.85470277275
0.0708190494117	0.967001316768	1.99748917901	-3.21247103391
0.839472482462	0.627390108045	-0.456597799794	0.996311725071
0.462407819625	1.02481696405	1.8866673606	-3.62230151915
0.838103519389	0.603403149279	-1.54551121967	2.14779529252
0.962358671114	1.72364598395	-0.728217388098	1.29555144221
0.200277324644	1.68865402797	-1.97973924757	2.93995168134
-0.193075873173	0.630930314334	0.0188161705376	-0.194296044568
-0.694985571174	1.19916269275	-1.71902368241	3.90999248695
0.893775433383	0.860361715278	1.44851474299	-4.24728611431
-0.928225201459	1.81818551406	1.37201878363	-1.95197928776
0.897809379035	0.374721802853	-1.4403842855	2.026822981
-0.697428138389	1.39545680357	0.28334527715	-0.771802496307
-0.0591971564578	1.94075065567	1.99824631062	-3.08236086836
0.531490206396	0.350551039126	1.84706443704	-3.70195150971
0.15017174932	0.403932856848	-1.98865992419	2.99085066379
-0.250427174921	1.38744667734	0.0318645600635	-0.253121464649
-0.445153855828	1.55830784905	-1.89545409968	3.60293872587
0.809261775478	0.981098109588	-1.5874481924	2.1986982916
-0.7518150533	1.21937293029	0.340625959238	-0.850810467606
-0.929158720272	0.425364817624	0.630318958367	-1.19213060607
0.14685490104	0.953228457135	-0.0108419549736	0.147387944862
-0.501395593004	0.22414376175	-1.86521815707	3.66680367224
0.786607168138	0.642843850551	-1.61745377401	2.23629792865
0.99882092574	0.569559410062	1.04854645511	-4.66382343631
0.966621391771	0.889250720205	-1.25620906496	1.82989463849
-0.725782717848	1.86025272449	-1.68792401214	3.95376416299
0.916040242507	0.362535324296	-1.40108636739	1.98349880389
-0.0972897255618	0.802776493249	1.99525610237	-3.04414879134
-0.154714027866	1.23119443822	0.0120407044915	-0.155337989374
0.245803961498	1.89311417215	1.96931956161	-3.38994166712
-0.970894614989	0.266296383072	0.760492909114	-1.32893819307
-0.829458984196	1.83575323399	-1.55856762665	4.11973106316
-0.74993636673	0.162107577268	-1.66150997412	3.98955853336
-0.888872454055	0.961482794321	1.45815473415	-2.0467144495
-0.998239037181	0.909179734461	0.940680318202	-1.51144180053
0.810194600717	0.419205457754	-0.413839007636	0.944484030949
-0.940445690152	0.694919336232	-1.33994397167	4.36553165986
0.176866231954	0.908330536697	1.98423489879	-3.31939422451
-0.75166702254	1.73042292582	1.6595427865	-2.29100665921
-0.370082198036	1.91012829075	-1.92899901329	3.52069015294
-0.0763395730362	1.03785135727	0.00291812292638	-0.0764139159062
-0.579835732988	1.74019958059	-1.81473340594	3.76011970923
-0.176735419852	1.21634317135	1.98425839665	-2.96392398848
0.303052521518	0.698174683975	-0.0470261445342	0.30789418321
-0.997784782224	0.388388415227	1.06652464477	-1.63737013732
-0.987504686909	0.826269543566	1.15758963587	-1.72904563826
-0.480015884626	1.04564856585	0.122740203527	-0.500672819409
-0.589734608613	0.0888867765191	0.192402890419	-0.630730182789
-0.974498231907	0.291682331742	0.775604821776	-1.34447398445
-0.695714938396	1.20036884796	-1.71831798285	3.91100737043
0.817729401906	0.450003189354	-1.57560283639	2.1841374914
0.839853233454	1.67465275216	-1.54281354649	2.14457986894
-0.917430359551	0.653884499548	1.39789638774	-1.98001909014
0.668651721613	0.209668414507	-0.256424263989	0.732394069645
0.488516256883	0.167061177111	-1.87255479298	2.63120417008
0.348264501959	1.87424604106	-1.93739630716	2.78587359086
-0.994436828955	0.236040622484	0.894665327563	-1.46526588705
0.555261257787	0.281819528324	-1.83167597994	2.55291558628
0.794597931259	1.72533211587	-1.60713600424	2.22324759971
0.234913055732	0.508576260555	1.97201638682	-3.37872177339
-0.302545449089	1.33190282151	-1.95313495961	3.44895478699
-0.525269774314	1.63345137406	0.14906424203	-0.553032114614
-0.127728620094	1.21436128026	0.00819084516788	-0.128078501811
-0.467631219286	1.9149770869	0.116076336583	-0.486609024819
0.596740957873	1.41776579852	-0.197566059294	0.639433499452
0.909464061666	0.225503019807	-0.584217460036	1.14199325211
-0.0171563467311	1.11682005309	0.000147180947695	-0.0171571884764
-0.310109230682	1.43637305218	-1.95070093355	3.45690057877
0.933435042714	1.60391448075	-0.64125354213	1.20387171501
-0.801033493724	0.0526426705682	0.401380469803	-0.929019690933
-0.706939551906	1.43775783054	0.292726029073	-0.785161693437
0.210423094879	1.65136164204	-1.97761041379	2.92958492922
-0.990210540084	1.49366762187	0.860418173438	-1.43075723227
-0.409693616478	1.02469829131	1.91222318575	-2.7194744814
0.847428571645	0.916041926178	1.5309094235	-4.15271561883
-0.391606505806	1.0988371666	-1.9201327864	3.54396954894
-0.719522650637	1.40928739765	-1.69446897355	3.94470736874
0.424754129909	1.84582858126	1.90530874796	-3.58028293489
-0.999942239797	1.23407042128	0.989252113219	-1.56004823308
-0.0819544688336	1.77566861257	1.99663607452	-3.05954616468
0.460429515638	1.40251369489	1.88769626626	-3.62007164571
-0.586768730283	0.136672754878	-1.809754566	3.76865526667
0.859729993309	1.00165638	1.51074880186	-4.17633344192
-0.98313465254	0.57297269663	-1.18288317302	4.52847069153
0.614512899519	0.570349856265	1.7889067729	-3.80336103419
-0.280233656767	0.711855102432	-1.95993181925	3.42563016391
0.586560343459	0.629465544001	-0.190094472496	0.626805291408
-0.947347603274	1.15721996023	0.679793006681	-1.24484834982
-0.996397461141	1.36720300071	0.915193753581	-1.48588809413
0.656366711193	0.537498774153	-1.75444200601	2.42559990508
-0.98440993177	0.259525245137	1.17588941478	-1.74760552258
0.996121663224	0.117617441869	-0.912013455255	1.48269585815
0.162569746619	1.15150569006	-0.0133029454365	0.163294490069
-0.141221781096	0.372260332666	0.0100220161316	-0.141695456169
-0.596611141601	0.0184959884474	-1.80253046404	3.78086438463
0.492550117506	1.85550615865	-0.129715918941	0.515017544149
0.0609568078294	1.07428083817	-1.99814040474	3.08059803264
0.849803391392	0.184896360494	-1.52709979698	2.12598047273
0.93469600063	1.68584222425	1.35544814869	-4.3489954975
0.537602387481	1.96640547658	-1.84319847781	2.57400160372
-0.455699262679	0.897201324035	1.89013380005	-2.66843502698
-0.611538216115	0.0849792164763	-1.7912148951	3.79959590654
0.919279232464	0.235091881512	1.3936060121	-4.30783801475
-0.999996967596	0.763307493291	1.00246268124	-1.57325901052
0.589819613781	1.7710452749	1.80753502908	-3.77242809732
-0.228042905987	0.296077358556	0.0263489161773	-0.230067151302
0.125123445044	1.64798018801	-1.99214118123	3.01614040054
-0.945638827939	0.029952520438	1.32521870656	-1.90203932485
0.147725786034	0.914777397572	1.9890283576	-3.2898610867
-0.999582447921	1.2887942819	1.02889515197	-1.59969550118
0.182316582671	0.120758964051	-1.98323988105	2.9582506439
0.245183238149	1.22952550123	1.96947675564	-3.38930134887
-0.541351994869	1.88880824294	1.84079606187	-2.56954838121
0.796740272836	0.320519840273	1.60432188248	-4.06347450287
0.933057646479	1.45922276607	-1.35972688021	1.9387714889
-0.834598443281	1.21818779589	0.449141180997	-0.98740341734
-0.977613114839	0.370232777758	1.21041054559	-1.78279121448
0.882469839924	0.0124068294187	-1.47036898455	2.06050518533
-0.999689485888	0.0185689010119	0.975081496731	-1.54587524402
0.838703954956	1.06418481834	-1.54458762008	2.14669367589
0.170077524609	1.88555881912	-1.98543068535	2.97068431421
-0.462335800796	1.28859725493	1.88670491557	-2.66096501049
-0.969710640917	1.42859969259	-1.24425657185	4.46563601143
0.040597557383	0.987730973841	1.99917557933	-3.18220137114
-0.920873309622	1.16377788527	1.38986195971	-1.97127801324
-0.123418876454	0.252735050661	1.99235466489	-3.01785828589
-0.993426709408	1.7536412408	0.885530034359	-1.45607488504
-0.186817594108	1.52158525733	0.0176053814623	-0.187921705024
0.207484348815	1.99639790569	-0.0217616624786	0.209002641432
-0.189905388618	0.595445895111	-1.98180239528	3.33265843423
-0.504555814215	0.454035543592	-1.86337907685	3.67046006788
-0.482611228924	0.250323315923	1.87583468858	-2.63795896422
0.916102446544	1.92841951323	-0.59905573026	1.15824896605
0.496854748065	1.56177036926	1.8678337164	-3.66156339684
-0.377134111264	0.332649227439	0.0738413407407	-0.386699957483
-0.994631011655	1.10537294222	1.10348502623	-1.67446695499
-0.987442505443	0.827536416135	1.15797879112	-1.72943973007
-0.163403610089	0.302972015612	0.0134406960503	-0.164139654882
0.82799258523	0.32414597006	-1.56073904698	2.16607443411
0.794852903839	1.92693998949	1.6068021599	-4.06035778253
-0.418716834295	0.609928365915	-1.90811684968	3.57362451635
0.800737243441	1.88287858337	-1.59901574851	2.21306768802
-0.0925386379135	0.15122134613	1.99570909431	-3.04892142989
-0.840064117665	0.921606084586	-1.54248712262	4.1389940572
0.0594562239697	0.259238097034	-0.00176908611721	0.0594913098591
-0.999998372596	0.00957477048234	-1.00180410777	4.71058487164
-0.284351961676	1.10753214741	1.9587199601	-2.85326223444
0.323098734684	0.227788209623	-0.0536347387792	0.329002018772
-0.918680547962	1.44404906187	1.39500133012	-1.97686562571
-0.962472862725	1.39623275141	1.27137794405	-1.84562074045
0.756713362568	0.352665814929	-0.346253193575	0.858270994273
-0.739963378923	1.88348428653	-1.67264715702	3.97460856708
0.261473594197	1.44208681686	-1.96521062962	2.87704405828
0.857810653488	0.595940528314	-1.51396583813	2.1105979571
0.529235902063	1.4184675279	-0.151525274409	0.557699757407
-0.743625695252	1.46386055536	-1.66859616015	3.98006963023
-0.0719298745993	0.684452662502	0.00259030827842	-0.071992045871
-0.372491815337	0.751177124923	-1.9280354775	3.5232852754
-0.00611014490035	0.718213015307	-1.99998133289	3.14770283651
-0.430055577366	1.2332368871	1.90280241491	-2.69703831662
0.55249355479	1.80082029308	-1.83351716954	2.55623976576
0.993427967378	0.346386472457	1.11445904783	-4.59767852867
-0.995103902153	1.75039921967	1.09883432562	-1.66979226982
-0.558706925758	0.0553063130107	1.8293651615	-2.54876678714
0.0646367672843	1.32067719196	-0.0020911422805	0.0646818598969
0.789076501518	0.828877746379	-1.61429494117	2.23228845815
0.605360137872	1.58256310446	1.7959516967	-3.79181090518
0.140175279603	1.44239622586	-0.00987329548779	0.14063843994
-0.836214297968	0.96021561429	-1.54840281534	4.1319359598
-0.551487731245	1.28772807345	1.83418300288	-2.55744600587
0.995131173951	1.0035462614	-1.09855935588	1.66951595097
